#歩兵 ########################################################################################################

1010 1020 1030 1040 1050 1060 10000 10010 10200 10210 #歩兵
1190 1200 1210 1220 #騎兵
1070 1080 1090 1100 10020 10030 10220 1390 #空挺
1150 1160 1170 1180 10060 10070 10240 1400 #海兵
1110 1120 1130 1140 10040 10050 10230 1420 #山岳
1230 1240 1250 10080 10090 10250 1380 #自動車化
1260 1270 1280 1290 10100 10110 10260 1430 #機械化
1300 #装甲騎兵
1310 1320 1330 1340 1350 1360 10120 1370 199120 199160 199170 199180 #兵站

#装甲と火砲 ##################################################################################################

2010 2020 2030 2040 2050 2060 2580 #軽戦車
2070 2080 2090 2140 11000 11010 11120 11130 #中戦車
2100 2110 2120 2570 2130 #重戦車
2170 2180 2190 2200 2210 11020 11280 11290 #駆逐戦車
2400 2410 2420 2430 2440 11070 11260 11270 #対戦車
2290 2300 2310 2320 2330 2340 2350 2360 11200 11210 #野砲
2370 2380 2390 #ロケット砲
2260 2270 2280 11050 11060 11300 11310 #自走ロケット
2220 2230 2240 2250 11030 11040 11240 11250 #自走砲
2450 2460 2470 2480 2490 2500 11080 #固定対空
2510 2520 2530 2540 11090 11220 11230 #対空旅団
2150 2160 11110 2550 2560 #装甲車

#艦船 ########################################################################################################

3010 3020 3030 3040 3050 3060 12000 12070 12080 #駆逐
3070 3080 3090 3100 3110 3120 12010 #軽巡
3130 3140 3150 3160 3170 3180 12020 #重巡
3190 3200 3210 3220 3230 3240 12030 #巡戦
3250 3260 3270 3280 3290 3300 3310 12050 12040 #戦艦
12100 12110 12120 12130 12140 12150 #軽空
3320 3330 3340 3350 3360 3370 3380 3390 12060 #空母
3500 3510 3520 3530 3540 3550 3560 #輸送

#航空機 ######################################################################################################

4120 4130 #初期型爆撃機
4140 4150 4160 15100 15110 4320 4330 4340 #術爆
4170 4280 4180 15120 15130 #cas
4220 4230 4240 15160 15170 #略爆
4190 4200 4210 15140 15150 4350 #海爆
4250 4260 4270 15180 15190 #輸送
4010 4020 #初期型戦闘機
4030 4060 4090 15000 15010 15020 #迎撃
4040 4070 4100 15020 15030 15040 15050 4290 4300 4310 #戦闘
4050 4080 4110 15060 15070 15080 #護衛
4410 4420 4430 4440 #水偵
4360 4370 4380 4390 4400 #艦載機
15500 #ターボジェット

#産業 ########################################################################################################

5050 5060 5070 5080 5090 5100 5110 5120 5130 13200 5900 5840 5850 5860 13070 13080 #生産技術
5140 13090 #航空組み立てライン
5150 13100 #造船組み立てライン
5160 13110 #車両組み立てライン
5170 13120 #ロケット組み立てライン
5180 13130 #歩兵組み立て生産ライン
310040 310050 310060 310070 310080 #国土開発
5550 5560 5570 5580 5590 #ロケット関係
5310 5320 5330 5340 5350 5360 5370 5380 5390 5400 13060 13210 310030 #暗号
5410 5420 5430 5440 5450 5460 13030 5466 13220 13230 5476 53070 #レーダー
5010 5020 5030 5040 13000 13010 #農業
13140 13150 13160 #軍事食料
5190 5200 5210 5220 5230 5240 13020 #人造石油
13040 13050 #素材科学
5980 5990 #不整地装備
5920 5930 #冬季装備
5940 5950 #熱帯装備
5960 5970 #熱帯装備
5470 5480 5490 5500 5510 5520 5530 5540 #核関連

#陸戦ドクトリン ###############################################################################################

6010 #火力重視
	6020 6040 6050 6060 6070 6080 14050 #優勢火力
		6090 #諸兵科連合防御
		6100 #機械化攻撃
	6030 6110 6120 6130 6140 14070 #大規模戦闘計画
		6150 6180 #消耗抑制
		6170 6200 #段階的作戦
		6160 6190 #浸透強襲
6790 6730 6800 6750 6880 6760 6890 6850 #戦後火力重視統一ドクトリン(NATO型)

6210 #機動重視
	6220 6230 6240 6250 6260 6270 6280 6290 #電撃戦
		14100 6720 6730 6740 6750 6810 6760 6820 6830 #電撃戦正規ルート
		14090 #国民突撃→非正規戦ドクトリンへ(電撃戦正規ルートと二者択一)
	6300 6310 6320 6330 6340 6350 6360 6370 14060 6770 6730 6780 6750 6860 6760 6870 6840 #人海戦術
		14080 14110 #ゲリラ戦術→非正規戦ドクトリンへ(人海戦術と両立可能)

14190 14200 14220 14260 #非正規戦ドクトリン(電撃戦の「国民突撃」か人海戦術の「ゲリラ戦術」より派生)
	14230 #焦点化
	14240 #都市反乱重視
	14250 #民族と信仰重視

14000 14010 14020 14030 14040 6480 14120 14130 #病院

#秘密兵器 ####################################################################################################

7200 #原子力戦艦主機
7210 #原子力巡洋艦主機
7230 7250 #原子力潜水艦
7050 7280 #ターボジェット空母航空隊
7170 7180 7190 16010 16020 7320 7330 #核兵器関連
21550 #核兵器製造ライン
7010 7020 #ロケット迎撃機
7100 7110 7120 7130 #ミサイル
	21600 21610 21620 21680 #人工衛星関連
7270 21500 21510 #地対空ミサイル
7240 21520 21530 #航空騎兵
7260 21480 21490 #cas
16030 21460 21470 #大陸間戦略爆撃機
7140 7150 7160 16000 16040 16050 16060 16070 #コンピューターなど
21540 #陸上戦艦

#海戦ドクトリン ##############################################################################################

8010 8020 8030 8040 8050 #ベースドクトリン
	8070 8120 8130 8160 8310 8100 8190 8090 8110 8160 8330 8340 8240 8200 8250 8140 8260 8400 8410 #大艦隊主義
	8060 8090 8100 8110 8180 8230 8160 8170 8130 8250 8140 8320 8310 8240 8270 8350 18000 18010 #基地空爆
	8080 8150 8170 8160 8150 8210 8280 8290 8300 8220 8310 8100 8440 #シーレーン封鎖
	8360 8090 8130 8370 8380 8390 8150 8160 8170 8100 8420 8430 #沿岸海軍
82120 82130 82140 82150 #戦後型空母戦術
8510 8520 8530 8540 8550 #戦後型対潜戦術
8700 8710 8720 8730 8740 8750 #戦後型潜水艦戦術
81050 81060 81070 81080 81090 81100 81110 81120 #戦後型巡洋艦戦術

82510 82520 82530 #洋上補給

#空戦ドクトリン ##############################################################################################

9010 9020 9030 #ベースドクトリン
	9040 9050 9060 9070 9080 9270 9280 9290 9300 #戦場破壊
	9090 9100 9110 9120 9130 9350 9360 9370 9380 17010 #作戦的破壊
	9140 9150 9160 9170 9180 9430 9440 9450 9460 17000 #戦略的破壊

		9190 9200 9210 9220 9310 9320 9330 9340 #先制攻撃(戦場破壊or作戦的破壊から派生)
		9230 9240 9250 9260 9390 9400 9410 9420 #周辺防御(作戦的破壊or戦略的破壊から派生)

			27000 #現代型空戦(作戦的破壊と周辺防御を終わらせた上に戦域体制(作戦的破壊の最終)か一体化攻勢(戦略的破壊の最終)を終わらせる)
				27140 27150 27160 27170 27180 27190 27200 #大型標的破壊
				27210 27220 27230 27240 27250 27260 27270 #歩兵破壊重視
				27070 27080 27090 27100 27110 27120 #攻撃航空優勢
				27010 27020 27030 27040 27050 27060 #防御航空優勢
					27130 #弾力的対応(攻撃航空優勢と防御航空優勢の両方を研究済み)
				27410 27420 27430 27440 27450 #海爆
				27280 27290 27300 #空挺
				27310 27320 27330 27340 27350 27360 #ミサイル関連
					27370 #防衛システム重視
					27380 #戦略爆による抑止
					27390 #ICBMによる抑止
					27400 #SLBMによる抑止